%YAML:1.0
e_vectors: !!opencv-matrix
   rows: 10
   cols: 128
   dt: f
   data: [ -2.38598809e-002, -5.02439402e-002, -5.43508567e-002,
       -4.21708971e-002, 2.04000939e-002, 3.84970270e-002,
       1.47258490e-002, 8.42412468e-003, -1.00059174e-001,
       -6.46289214e-002, 4.45298711e-003, 4.77481969e-002,
       1.12155832e-001, 4.33246382e-002, -4.15065372e-003,
       -4.71623540e-002, 1.17416039e-001, 6.81521222e-002,
       9.28994361e-003, -2.13875528e-002, -4.69821431e-002,
       -3.12625170e-002, -2.80261952e-002, 7.49802566e-004,
       1.53118735e-002, -2.14228835e-002, -3.24390084e-002,
       -2.37545446e-002, -1.75305677e-003, -4.32530604e-003,
       -1.65878143e-002, -4.47310600e-003, -6.17815815e-002,
       -2.70515718e-002, -2.82075182e-002, -2.76880581e-002,
       3.22269313e-002, 2.44427454e-002, 2.01643407e-002,
       8.14819057e-003, -2.66018361e-001, -4.22970541e-002,
       7.83324242e-002, 2.00741172e-001, 2.69984841e-001,
       6.29239380e-002, -6.66736439e-002, -1.91625670e-001,
       2.67841429e-001, 2.00312927e-001, 3.84054482e-002,
       -3.02763078e-002, -1.37295201e-001, -1.54216349e-001,
       -1.16599306e-001, -3.41236219e-002, 7.86791071e-002,
       -3.43681760e-002, -6.56799674e-002, -3.87323238e-002,
       -1.48197440e-002, -1.44991586e-002, -2.86110546e-002,
       -2.29936633e-002, -6.75892159e-002, 1.53195532e-002,
       2.45793201e-002, 1.57170724e-002, 4.28007506e-002,
       -3.47303711e-002, -3.32556441e-002, -3.61562185e-002,
       -2.54045725e-001, -1.87955230e-001, -6.39022514e-002,
       7.21389949e-002, 2.74857223e-001, 2.01664552e-001,
       6.13514483e-002, -5.79524301e-002, 2.65765309e-001,
       -2.89391316e-002, -1.04451880e-001, -1.54435068e-001,
       -1.40750483e-001, -1.70116555e-002, 2.67908946e-002,
       1.76261470e-001, 8.14304352e-002, -1.30923167e-002,
       -7.72830704e-003, -9.33000818e-003, -2.25654189e-002,
       -3.77769470e-002, -4.55457941e-002, -3.28335799e-002,
       -3.32682058e-002, 2.21111365e-002, 1.32454801e-002,
       1.33748082e-002, 3.06966007e-002, -4.31765132e-002,
       -4.01476622e-002, -6.56023026e-002, -8.67202207e-002,
       -3.35755348e-002, -1.23553090e-002, 2.39863899e-002,
       1.33302212e-001, 6.10510521e-002, -1.19691296e-002,
       -9.78267044e-002, 1.51864201e-001, -1.82677468e-003,
       -2.31941529e-002, -3.12503055e-002, -5.64056784e-002,
       -1.70231499e-002, 6.92901341e-003, 5.75135089e-002,
       2.15397049e-002, -3.22203524e-003, 2.77241645e-003,
       3.87259293e-003, -6.19850634e-003, -2.35863551e-002,
       -2.18591299e-002, -3.77035625e-002, 1.68384593e-002,
       2.10155286e-002, -1.74193382e-002, 1.19535513e-002,
       2.75464775e-003, -4.67864424e-002, -5.19871786e-002,
       -3.78544442e-002, 1.76839679e-001, 5.42218499e-002,
       -1.03971414e-001, -4.59939353e-002, 2.59677395e-002,
       -4.77216169e-002, -6.17634468e-002, -3.35096665e-005,
       2.71393836e-001, 1.30875139e-002, -1.32652968e-001,
       -6.24175705e-002, -1.64660276e-003, -4.43733074e-002,
       -6.73801377e-002, 2.55956575e-002, 1.01214774e-001,
       -2.32101902e-002, -8.42569470e-002, -5.29300421e-002,
       -3.04742828e-002, -4.69789952e-002, -6.74853176e-002,
       -7.62874400e-003, -1.05409091e-003, 2.11482178e-002,
       2.91118352e-003, -1.70511175e-002, -1.63817536e-002,
       -7.23709241e-002, -5.07190786e-002, -4.97999638e-002,
       1.08914725e-001, 4.33249660e-002, -5.75606860e-002,
       -5.65984473e-002, -1.05581336e-001, -1.45038173e-001,
       -6.54496923e-002, -1.15501918e-002, 1.54757276e-001,
       -1.84228942e-002, -8.40577260e-002, -6.22237250e-002,
       -7.77866170e-002, -9.58269387e-002, -7.98645988e-002,
       -1.28408140e-002, 8.19703266e-002, -1.05770025e-002,
       -4.55915183e-002, -5.85734658e-002, -6.13659397e-002,
       -5.92967011e-002, -7.70628378e-002, -3.14930007e-002,
       -3.45911793e-002, -1.78720336e-002, 2.53315121e-002,
       4.03327011e-002, 3.10303718e-002, -6.32692277e-002,
       -7.59244636e-002, -6.93610683e-002, 2.03243107e-001,
       5.29451929e-002, 2.50361022e-002, 3.56742479e-002,
       -8.66895989e-002, -2.74112970e-001, -1.96113303e-001,
       -2.66675092e-002, 1.59280837e-001, 5.77222928e-002,
       -3.12764309e-002, -8.03310648e-002, -7.04677850e-002,
       -1.16450876e-001, -1.71979561e-001, -1.18493445e-001,
       1.09732889e-001, 1.68134067e-002, -5.04350029e-002,
       -9.03061479e-002, -6.41935319e-002, -3.22265774e-002,
       -3.62590440e-002, -3.37118171e-002, -4.34645824e-002,
       -6.39662817e-002, -6.13929704e-002, 1.88035425e-002,
       6.75365552e-002, 4.76855412e-002, -1.03062810e-003,
       -2.63987388e-002, 2.22499415e-001, 3.30460034e-002,
       -5.87155297e-002, -7.81871960e-004, 6.66968599e-002,
       -6.98672831e-002, -9.48948413e-002, 4.67980802e-002,
       3.99776906e-001, 1.38666764e-001, -3.72811444e-002,
       -6.58284575e-002, -3.18803750e-002, -8.80034640e-002,
       -1.26391038e-001, 2.74495576e-002, 1.40412182e-001,
       6.02510050e-002, -3.79069522e-002, -6.31208345e-002,
       -3.31250578e-002, -4.25608791e-002, -7.17618167e-002,
       -2.45546605e-002, -6.03862479e-002, -2.26742011e-002,
       3.17944773e-002, 2.62389872e-002, 1.22604370e-002,
       4.16129343e-002, 2.70815417e-002, -1.29747763e-002,
       -5.73033877e-002, -2.77556144e-002, 4.90633398e-002,
       -1.25294598e-002, -7.54669532e-002, -5.02546364e-003,
       2.85261478e-002, 5.41532673e-002, 1.17391512e-001,
       2.50810198e-002, -1.11687463e-002, -6.31370842e-002,
       -9.98393744e-002, -4.85005267e-002, 5.86609133e-002,
       1.65357888e-001, 3.39583419e-002, -2.58010682e-002,
       -2.43324172e-002, -5.65198176e-002, -4.09254804e-002,
       -1.14348298e-002, 9.03939605e-002, 1.19741306e-001,
       -2.87311133e-002, -2.15959828e-002, 2.38699112e-002,
       -1.32425055e-002, -7.02507421e-002, 3.21092382e-002,
       6.61906227e-002, 4.33786511e-002, 6.19802997e-003,
       -5.53057082e-002, -2.85277646e-002, -1.46008238e-001,
       -1.27298295e-001, 8.16687122e-002, 1.23752087e-001,
       1.42919347e-001, 7.22360313e-002, -4.32740562e-002,
       -1.10871464e-001, -1.62899897e-001, -2.18376532e-001,
       -3.89158651e-002, 1.69368774e-001, 2.27096483e-001,
       1.90578345e-002, -5.91961220e-002, -8.26644152e-002,
       -7.02778623e-002, -7.14486390e-002, 8.39031301e-003,
       1.55652404e-001, 1.20214768e-001, 1.18269278e-002,
       -6.71116775e-003, 8.64214450e-003, -4.85117473e-002,
       -1.25081897e-001, 1.54908402e-002, 1.02658890e-001,
       9.84698161e-002, -2.16703750e-002, -9.16364118e-002,
       -9.04138163e-002, -1.45807236e-001, -2.01724052e-001,
       4.69615720e-002, 1.41741470e-001, 1.84114560e-001,
       1.62359834e-001, -4.39459905e-002, -1.40018746e-001,
       -2.07553908e-001, -2.14924857e-001, 2.03538071e-002,
       1.60567507e-001, 1.88932180e-001, -3.23230438e-002,
       -5.73938787e-002, -6.01706691e-002, -2.99122576e-002,
       -7.36013353e-002, 8.80700350e-003, 7.78392255e-002,
       2.45575812e-002, 2.53692232e-002, -5.60884597e-004,
       3.04362979e-002, -2.70276107e-002, -1.17805541e-001,
       -1.79575831e-002, 6.79967627e-002, 8.88960883e-002,
       1.08759373e-001, 1.91542506e-002, 3.71115608e-003,
       -3.98103260e-002, -2.20115423e-001, -8.09824467e-002,
       5.65756150e-002, 1.51597604e-001, -1.11395102e-002,
       4.26746868e-002, -6.04639994e-003, -6.97264774e-003,
       -1.28589377e-001, -6.31846935e-002, -3.36785172e-003,
       3.98033410e-002, -5.77940270e-002, 4.25728364e-003,
       4.02530655e-003, 3.93027477e-002, -3.56340744e-002,
       -2.51616593e-002, -2.20769122e-002, -3.58085446e-002,
       -6.13431111e-002, -1.27575308e-001, -8.32289383e-002,
       1.87211744e-002, 1.69031069e-001, 6.86347783e-002,
